991
123 720
218 362
925 40
762 682
439 17
694 836
556 177
338 139
137 135
143 16
970 324
901 896
100 66
450 63
875 633
198 589
61 9
978 258
959 578
402 347
810 542
825 398
243 524
44 417
208 95
245 539
230 190
772 391
399 15
190 82
211 560
148 91
3 97
468 481
489 606
909 482
230 261
830 38
885 316
557 447
834 796
692 867
357 405
302 118
928 189
804 713
1 15
907 204
108 419
124 697
378 496
771 530
226 286
19 17
747 953
404 413
147 477
112 365
905 207
115 1
670 774
665 29
71 48
649 481
891 825
60 487
2 6
92 37
132 380
207 84
311 189
366 394
877 8
508 218
903 758
135 187
383 30
287 393
249 330
63 10
952 219
347 82
367 64
49 136
723 652
161 433
621 71
586 462
261 562
263 987
514 713
35 163
745 15
460 924
507 858
426 711
822 353
420 693
541 53
255 464
497 512
104 86
427 597
203 777
274 579
857 318
155 94
564 137
207 404
294 459
536 359
149 48
668 29
44 455
811 547
37 46
21 507
788 630
280 263
99 418
290 430
194 337
454 258
605 910
637 361
17 3
129 34
682 69
33 73
683 484
732 793
118 121
828 270
648 657
4 156
731 380
2 7
303 43
264 146
27 9
44 42
279 902
29 479
458 16
288 409
505 416
512 848
462 357
789 166
722 344
37 167
432 319
122 126
715 234
223 179
120 305
44 96
922 723
2 36
932 630
79 222
205 239
273 544
661 155
543 433
34 447
245 208
99 316
990 335
227 397
663 454
366 99
534 807
219 823
328 341
359 187
835 237
592 760
555 162
18 88
45 172
841 739
829 822
946 50
944 557
49 109
127 955
379 244
206 113
787 184
120 797
5 120
384 504
714 766
548 572
539 904
374 57
638 567
623 639
401 737
97 106
528 156
265 480
289 355
276 228
1 14
376 16
7 574
734 869
198 203
257 116
969 608
248 29
617 86
184 57
158 112
19 49
741 469
299 191
7 29
430 513
117 291
114 22
342 161
349 261
561 103
464 954
20 16
53 46
521 342
624 733
177 58
336 950
222 297
157 54
956 701
196 288
28 25
76 571
806 693
189 681
500 664
494 242
4 162
273 706
892 2
688 672
547 39
750 230
177 866
757 5
253 92
173 59
616 258
431 900
592 315
640 344
385 107
881 926
559 537
113 662
977 812
154 414
493 181
1 5
165 613
134 232
107 607
215 155
367 689
140 153
89 216
856 739
618 673
600 467
180 225
613 740
140 125
210 643
941 24
420 131
268 352
611 108
467 14
76 99
710 90
48 54
963 41
154 145
274 149
189 642
558 191
272 478
275 446
242 130
27 34
878 50
985 799
9 10
561 803
744 268
6 9
991 321
659 41
306 594
576 98
132 30
59 113
423 677
728 654
301 798
39 168
196 468
593 411
298 28
949 903
144 861
294 625
122 123
610 158
819 763
214 203
90 35
428 12
758 817
211 306
101 124
80 58
71 815
545 284
491 285
878 884
120 254
54 57
363 140
277 281
59 56
742 343
51 196
285 25
82 651
517 770
972 774
913 642
370 890
36 335
11 5
608 644
25 328
118 241
718 24
707 791
39 56
872 259
502 871
408 897
363 398
169 862
47 51
222 322
339 307
141 456
236 570
942 796
208 482
375 271
446 484
921 572
965 103
158 624
10 22
326 183
344 440
200 410
98 11
421 967
121 315
152 44
976 749
712 487
227 52
107 631
140 290
54 74
97 453
916 404
121 357
62 912
800 192
691 434
632 83
81 535
908 229
767 590
145 189
532 20
203 529
820 375
699 831
421 27
58 408
8 317
260 451
102 310
313 217
851 45
534 596
83 75
595 462
277 169
685 832
381 814
148 684
2 1
608 293
386 502
46 139
265 75
627 974
195 159
790 170
520 118
102 94
425 626
583 105
317 552
497 95
21 112
575 41
667 381
73 839
361 175
795 138
346 701
919 509
67 780
157 356
581 106
345 165
248 679
246 465
84 178
103 23
175 210
302 553
89 202
390 205
78 705
21 30
406 669
319 882
896 730
243 50
883 763
322 726
400 603
843 541
30 287
817 934
272 300
72 24
179 188
406 338
62 33
633 346
46 193
231 957
183 492
610 844
61 86
153 734
417 680
403 323
133 125
82 268
933 301
15 938
23 318
503 548
15 43
826 481
155 262
716 466
483 270
801 276
237 224
445 423
55 527
37 35
108 15
656 769
818 166
196 411
89 725
813 309
615 204
76 240
12 68
21 14
16 26
134 117
514 133
251 472
458 755
658 420
3 463
151 175
183 332
150 45
222 263
25 31
109 213
510 376
149 604
194 320
343 460
246 59
281 937
647 694
565 48
12 116
271 163
100 327
799 638
554 4
698 113
42 197
6 234
163 259
754 782
254 690
151 123
60 6
859 230
310 666
973 178
317 724
911 272
524 962
438 353
21 50
342 802
687 228
735 868
309 283
340 515
319 98
149 295
4 179
26 391
501 727
249 221
851 958
636 64
58 847
5 8
412 230
14 159
32 272
199 150
170 779
236 914
109 325
951 152
273 899
72 200
948 469
17 486
634 451
273 717
95 758
466 374
184 730
888 404
442 880
149 736
169 89
923 681
371 196
104 247
538 376
855 709
656 548
674 526
337 686
18 15
102 283
336 113
128 12
12 1
501 756
423 620
144 266
292 98
181 224
784 422
427 495
60 915
394 927
569 849
27 52
368 60
66 211
58 47
236 18
423 157
106 130
87 17
719 284
33 540
364 522
195 816
61 186
142 500
852 19
160 194
671 128
7 321
52 84
378 319
538 943
870 233
48 79
407 293
929 782
252 168
672 336
69 10
87 89
113 217
221 194
554 629
39 692
250 703
563 181
187 470
459 732
40 15
431 251
70 588
511 982
248 382
41 205
714 302
43 166
626 824
511 111
40 212
80 267
563 842
696 235
26 81
533 761
184 748
346 319
3 16
827 408
487 876
577 614
26 45
670 895
253 358
340 2
299 469
41 94
227 623
964 903
809 661
525 29
660 232
40 93
20 142
508 655
47 65
652 276
622 377
349 988
157 182
275 187
182 218
201 384
478 602
324 291
764 989
44 138
160 107
253 476
484 808
441 18
549 476
30 369
22 78
648 220
114 372
581 939
966 518
3 2
360 98
26 42
981 646
226 58
77 122
370 60
587 102
707 619
931 140
365 627
568 47
23 33
489 63
127 605
721 471
213 260
231 435
979 675
354 288
580 565
145 180
220 258
13 10
499 493
334 292
144 23
864 124
105 93
402 542
145 282
389 448
725 729
945 107
75 70
395 341
422 986
78 840
485 873
401 215
76 444
189 860
183 144
136 176
442 764
351 488
92 171
244 213
442 94
433 609
47 917
333 144
17 64
311 323
60 146
351 334
68 91
396 427
82 641
947 114
930 294
68 426
289 195
9 192
763 569
327 695
388 365
457 49
489 845
164 97
429 215
22 386
98 174
612 366
274 425
345 889
531 776
68 238
467 853
765 268
530 362
13 165
781 406
854 498
533 462
309 551
506 314
687 960
115 567
118 101
678 442
204 269
228 144
415 569
399 523
886 532
865 517
518 419
147 136
391 743
76 85
5 47
377 172
344 184
898 44
387 62
256 56
278 203
198 150
154 170
653 364
76 82
75 204
43 185
84 135
752 640
293 123
751 542
646 189
449 442
276 676
68 381
387 685
304 97
672 773
634 894
34 846
599 547
127 15
286 601
491 863
288 775
661 838
585 101
11 331
30 70
22 32
5 25
171 219
392 245
546 496
6 24
329 188
833 811
709 448
307 197
14 38
67 29
260 796
171 251
327 364
84 503
436 361
233 59
736 778
587 647
15 961
684 785
443 266
749 151
738 713
594 812
935 720
565 794
650 633
367 577
699 692
645 275
270 103
874 147
702 237
106 125
41 29
485 243
747 531
936 208
209 85
759 6
417 590
32 48
2 4
530 746
893 179
373 348
21 23
304 498
63 314
66 16
146 670
149 284
415 102
111 635
353 35
479 887
547 708
424 321
805 881
490 454
56 101
95 71
416 276
214 753
189 312
25 805
335 566
783 940
30 35
191 177
735 279
126 250
380 739
786 751
59 389
117 106
181 73
229 173
204 437
920 549
110 107
55 837
116 131
422 107
984 902
181 850
145 1
291 573
39 77
99 161
51 111
419 983
220 36
215 231
55 18
452 328
38 654
86 107
526 118
619 401
76 65
477 618
325 519
968 359
121 531
465 768
319 461
129 509
259 434
187 980
143 308
280 343
235 133
119 4
294 186
354 906
628 377
227 296
155 517
396 75
357 400
312 537
675 277
591 6
